  Run_nr	    Time	   Alpha	    Beta	Delta_Pb	   P_bar	       T	      B1	      B2	      B3	      B4	      B5	      B6	     rpm	     Rho	       Q	       V	      Re	 nrotor1	 nrotor2	      I1	      I2	    dptq	  Extra1	  Extra2	  Extra3	  Extra4	  Extra5	  Extra6	  Extra7	  Extra8	  Extra9	 Extra10
       /	   H:M:S	 degrees	 degrees	      Pa	     hPa	 degr._C	   steps	   steps	   steps	   steps	   steps	   steps	   1/min	  kg/m^3	      Pa	     m/s	       /	     1/s	     1/s	       A	       A	      Pa	       /	       /	       /	       /	       /	       /	       /	       /	       /	       /
      50	 16:39:49	   4.000	  10.000	  106.11	 1019.30	   14.00	   559.3	 -1435.2	  -183.5	   678.0	   280.1	   812.4	   0.000	   1.237	   247.5	    20.0	  228768	   36.43	   41.01	    0.00	    0.19	    0.00	  15.658	  16.450	  39.512	  28.244	   0.000	   0.000	   0.000	   0.000	   0.000	   0.000
      51	 16:40:40	   4.000	   5.000	  106.15	 1019.27	   13.97	   576.4	  -799.2	    -7.5	   452.1	   338.6	   495.3	   0.000	   1.237	   247.6	    20.0	  228843	   39.02	   41.01	    0.00	    0.00	    0.00	  15.491	  16.275	  39.512	  27.965	   0.000	   0.000	   0.000	   0.000	   0.000	   0.000
      52	 16:41:29	   4.000	   0.000	  106.19	 1019.25	   13.96	   534.7	  -511.2	    95.0	   351.6	   332.5	   333.9	   0.000	   1.237	   247.7	    20.0	  228898	   40.27	   41.02	    0.00	    0.00	    0.00	  15.374	  16.145	  39.512	  27.885	   0.000	   0.000	   0.000	   0.000	   0.000	   0.000
      53	 16:42:14	   4.000	  -4.995	  106.04	 1019.23	   13.92	   565.5	  -116.8	   211.1	   230.5	   347.7	   127.6	   0.000	   1.237	   247.4	    20.0	  228765	   40.40	   41.01	    0.00	    0.19	    0.00	  15.284	  16.047	  39.512	  28.125	   0.000	   0.000	   0.000	   0.000	   0.000	   0.000
      54	 16:43:01	   4.000	 -10.000	  106.10	 1019.23	   13.90	   574.9	   407.2	   418.7	    75.0	   285.7	  -113.4	   0.000	   1.237	   247.5	    20.0	  228853	   39.21	   41.01	    0.00	    0.27	    0.00	  15.188	  15.956	  39.512	  28.486	   0.000	   0.000	   0.000	   0.000	   0.000	   0.000
      55	 16:44:11	   4.000	 -10.000	  106.07	 1019.19	   13.87	   497.8	   384.7	   434.9	    89.9	   219.7	   -87.9	   0.000	   1.237	   247.5	    20.0	  228853	   39.22	   49.21	    0.00	    0.81	    0.00	  15.067	  15.891	  39.511	  30.511	   0.000	   0.000	   0.000	   0.000	   0.000	   0.000
      56	 16:45:07	   4.000	  -5.000	  106.00	 1019.21	   13.82	   488.3	  -218.9	   214.9	   256.3	   285.2	   201.4	   0.000	   1.237	   247.3	    20.0	  228827	   40.38	   49.21	    0.00	    0.77	    0.00	  14.993	  15.870	  39.511	  30.375	   0.000	   0.000	   0.000	   0.000	   0.000	   0.000
      57	 16:46:03	   4.000	   0.000	  106.10	 1019.19	   13.82	   442.6	  -554.4	   111.3	   371.7	   257.7	   372.6	   0.000	   1.237	   247.5	    20.0	  228932	   40.22	   49.21	    0.00	    0.75	    0.00	  14.931	  15.860	  39.511	  30.307	   0.000	   0.000	   0.000	   0.000	   0.000	   0.000
      58	 16:47:11	   4.000	   5.000	  106.14	 1019.18	   13.79	   403.0	 -1258.3	   -64.4	   566.3	   215.2	   772.7	   0.000	   1.237	   247.6	    20.0	  228999	   38.81	   49.21	    0.00	    0.75	    0.00	  14.852	  15.846	  39.511	  30.270	   0.000	   0.000	   0.000	   0.000	   0.000	   0.000
      59	 16:48:01	   4.000	  10.000	  106.08	 1019.18	   13.76	   481.9	 -1454.8	  -163.5	   697.3	   206.6	   834.7	   0.000	   1.237	   247.5	    20.0	  228972	   36.38	   49.21	    0.00	    0.76	    0.00	  14.793	  15.826	  39.511	  30.321	   0.000	   0.000	   0.000	   0.000	   0.000	   0.000
      60	 16:48:56	   4.000	  10.000	  106.17	 1019.15	   13.76	   323.3	 -1523.6	  -132.5	   738.0	    58.2	   897.6	   0.000	   1.237	   247.7	    20.0	  229065	   36.32	   61.52	    0.00	    2.15	    0.00	  14.736	  15.868	  39.508	  32.395	   0.000	   0.000	   0.000	   0.000	   0.000	   0.000
      61	 16:49:39	   4.000	   5.000	  106.07	 1019.15	   13.74	   319.4	  -914.1	    40.1	   520.9	   100.3	   596.8	   0.000	   1.238	   247.5	    20.0	  228980	   38.87	   61.52	    0.00	    2.16	    0.00	  14.701	  15.972	  39.508	  32.390	   0.000	   0.000	   0.000	   0.000	   0.000	   0.000
      62	 16:50:52	   4.000	   0.000	  106.14	 1019.18	   13.74	   275.8	  -587.8	   150.0	   404.0	   102.4	   421.6	   0.000	   1.238	   247.6	    20.0	  229063	   40.18	   61.53	    0.00	    2.21	    0.00	  14.658	  16.156	  39.507	  32.428	   0.000	   0.000	   0.000	   0.000	   0.000	   0.000
      63	 16:51:50	   4.000	  -4.995	  106.10	 1019.18	   13.72	   318.9	  -190.0	   260.2	   280.7	   134.8	   208.3	   0.000	   1.238	   247.5	    20.0	  229038	   40.37	   61.52	    0.00	    2.17	    0.00	  14.627	  16.274	  39.507	  32.334	   0.000	   0.000	   0.000	   0.000	   0.000	   0.000
      64	 16:52:44	   4.000	 -10.000	  106.16	 1019.19	   13.71	   342.1	   342.0	   465.6	   120.2	    84.9	   -38.0	   0.000	   1.238	   247.7	    20.0	  229111	   39.23	   61.52	    0.00	    2.17	    0.00	  14.590	  16.356	  39.508	  32.336	   0.000	   0.000	   0.000	   0.000	   0.000	   0.000
      65	 16:54:39	   4.000	  10.000	  421.86	 1019.14	   14.22	   349.9	 -7949.5	  -755.2	  3464.7	  -390.4	  4641.4	   0.000	   1.235	   988.8	    40.0	  456750	   71.87	  123.03	    0.00	   16.48	    0.00	  14.831	  18.721	  39.474	  36.945	   0.000	   0.000	   0.000	   0.000	   0.000	   0.000
      66	 16:55:44	   4.000	   5.000	  421.63	 1019.16	   14.33	   652.6	 -5171.5	   -35.8	  2468.8	   -27.0	  3267.8	   0.000	   1.235	   988.2	    40.0	  456409	   77.15	  123.03	    0.00	   16.69	    0.00	  15.016	  20.931	  39.473	  37.007	   0.000	   0.000	   0.000	   0.000	   0.000	   0.000
      67	 16:56:41	   4.000	   0.000	  421.43	 1019.18	   14.38	   801.1	 -2340.1	   659.5	  1677.8	   147.6	  1688.5	   0.000	   1.235	   987.8	    40.0	  456191	   79.80	  123.03	    0.00	   16.84	    0.00	  15.160	  22.597	  39.473	  36.963	   0.000	   0.000	   0.000	   0.000	   0.000	   0.000
      68	 16:57:29	   4.000	  -4.995	  421.18	 1019.13	   14.42	   711.3	   761.1	  1508.5	   848.4	   103.6	   -14.4	   0.000	   1.235	   987.2	    40.0	  455967	   80.21	  123.03	    0.00	   17.01	    0.00	  15.253	  23.764	  39.473	  36.926	   0.000	   0.000	   0.000	   0.000	   0.000	   0.000
      69	 16:58:26	   4.000	 -10.000	  421.29	 1019.14	   14.48	   291.2	  3836.8	  2508.6	    81.1	  -266.3	 -1528.5	   0.000	   1.234	   987.4	    40.0	  455909	   78.30	  123.03	    0.00	   17.01	    0.00	  15.340	  24.980	  39.472	  36.829	   0.000	   0.000	   0.000	   0.000	   0.000	   0.000
      70	 16:59:51	   4.000	 -10.000	  421.54	 1019.10	   14.54	   976.6	  4059.4	  2392.6	   -53.4	   310.9	 -1758.9	   0.000	   1.234	   988.0	    40.0	  455911	   78.32	   98.43	    0.00	    6.05	    0.00	  15.440	  25.281	  39.499	  34.819	   0.000	   0.000	   0.000	   0.000	   0.000	   0.000
      71	 17:00:51	   4.000	  -4.995	  421.38	 1019.08	   14.60	  1427.7	   965.1	  1377.5	   706.4	   720.6	  -236.6	   0.000	   1.234	   987.6	    40.0	  455696	   80.30	   98.43	    0.00	    5.71	    0.00	  15.516	  24.008	  39.499	  34.555	   0.000	   0.000	   0.000	   0.000	   0.000	   0.000
      72	 17:01:37	   4.000	   0.000	  421.06	 1019.06	   14.63	  1525.4	 -2161.9	   501.4	  1545.0	   786.8	  1449.3	   0.000	   1.234	   986.9	    40.0	  455456	   79.88	   98.42	    0.00	    5.53	    0.00	  15.569	  23.086	  39.500	  34.463	   0.000	   0.000	   0.000	   0.000	   0.000	   0.000
      73	 17:02:41	   4.000	   5.000	  420.85	 1019.05	   14.68	  1367.6	 -4966.9	  -198.5	  2312.7	   630.1	  3043.3	   0.000	   1.233	   986.4	    40.0	  455237	   77.27	   98.43	    0.00	    5.43	    0.00	  15.622	  22.098	  39.500	  34.441	   0.000	   0.000	   0.000	   0.000	   0.000	   0.000
      74	 17:03:36	   4.000	  10.000	  420.83	 1019.01	   14.71	  1033.6	 -7715.5	  -910.3	  3304.1	   240.9	  4401.0	   0.000	   1.233	   986.3	    40.0	  455162	   72.01	   98.43	    0.00	    5.49	    0.00	  15.642	  21.450	  39.500	  34.505	   0.000	   0.000	   0.000	   0.000	   0.000	   0.000
      75	 17:04:50	   4.000	  10.000	  420.83	 1018.97	   14.74	  1393.4	 -7595.2	  -995.2	  3216.4	   587.2	  4279.1	   0.000	   1.233	   986.3	    40.0	  455083	   72.09	   82.02	    0.00	    0.74	    0.00	  15.665	  20.618	  39.511	  32.511	   0.000	   0.000	   0.000	   0.000	   0.000	   0.000
      76	 17:05:50	   4.000	   5.000	  420.96	 1018.91	   14.78	  1767.8	 -4865.6	  -300.8	  2226.6	  1007.2	  2929.4	   0.000	   1.233	   986.6	    40.0	  455066	   77.37	   82.02	    0.00	    0.33	    0.00	  15.705	  19.855	  30.040	  31.922	   0.000	   0.000	   0.000	   0.000	   0.000	   0.000
      77	 17:06:43	   4.000	   0.000	  420.93	 1018.92	   14.80	  1919.8	 -1975.5	   437.2	  1430.8	  1143.4	  1309.9	   0.000	   1.233	   986.6	    40.0	  455011	   79.94	   82.02	    0.00	    0.40	    0.00	  15.759	  19.300	  30.039	  32.100	   0.000	   0.000	   0.000	   0.000	   0.000	   0.000
      78	 17:07:34	   4.000	  -4.995	  420.87	 1018.92	   14.82	  1813.1	  1109.0	  1307.0	   622.6	  1048.4	  -378.3	   0.000	   1.233	   986.4	    40.0	  454947	   80.31	   82.02	    0.00	    0.74	    0.00	  15.801	  18.895	  30.039	  32.688	   0.000	   0.000	   0.000	   0.000	   0.000	   0.000
      79	 17:08:25	   4.000	 -10.000	  420.81	 1018.88	   14.82	  1329.9	  4176.5	  2320.3	  -127.8	   618.1	 -1886.4	   0.000	   1.233	   986.3	    40.0	  454898	   78.29	   82.02	    0.00	    1.38	    0.00	  15.836	  18.609	  30.038	  33.685	   0.000	   0.000	   0.000	   0.000	   0.000	   0.000
      80	 17:10:46	   4.000	  10.000	  105.81	 1018.84	   14.38	   526.6	 -1414.2	  -175.7	   683.1	   252.0	   794.0	   0.000	   1.234	   246.8	    20.0	  228015	   41.01	   41.01	    0.26	    0.00	    0.00	  15.635	  18.062	  31.986	  42.630	   0.000	   0.000	   0.000	   0.000	   0.000	   0.000
      81	 17:11:43	   4.000	   5.000	  105.78	 1018.83	   14.30	   551.2	  -836.9	   -14.9	   467.4	   318.2	   514.4	   0.000	   1.235	   246.8	    20.0	  228061	   41.01	   41.01	    0.19	    0.00	    0.00	  15.609	  17.779	  31.617	  42.287	   0.000	   0.000	   0.000	   0.000	   0.000	   0.000
      82	 17:12:35	   4.000	   0.000	  105.94	 1018.83	   14.24	   526.2	  -508.4	    96.4	   351.6	   326.0	   332.6	   0.000	   1.235	   247.1	    20.0	  228291	   41.01	   41.01	    0.00	    0.00	    0.00	  15.592	  17.548	  31.374	  42.298	   0.000	   0.000	   0.000	   0.000	   0.000	   0.000
      83	 17:13:36	   4.000	   0.000	  105.81	 1018.81	   14.20	   352.8	  -503.0	   135.6	   386.6	   170.2	   329.8	   0.000	   1.235	   246.8	    20.0	  228191	   49.21	   49.21	    0.71	    0.54	    0.00	  15.606	  17.340	  33.807	  44.899	   0.000	   0.000	   0.000	   0.000	   0.000	   0.000
      84	 17:14:37	   4.000	   5.000	  105.86	 1018.79	   14.15	   305.0	 -1218.1	   -43.1	   582.9	   129.5	   734.0	   0.000	   1.235	   247.0	    20.0	  228296	   49.21	   49.21	    0.74	    0.53	    0.00	  15.658	  17.202	  33.896	  44.858	   0.000	   0.000	   0.000	   0.000	   0.000	   0.000
      85	 17:15:26	   4.000	  10.000	  105.91	 1018.79	   14.11	   370.3	 -1420.8	  -140.8	   720.7	   105.4	   796.3	   0.000	   1.236	   247.1	    20.0	  228385	   49.21	   49.21	    0.78	    0.54	    0.00	  15.697	  17.101	  34.065	  44.962	   0.000	   0.000	   0.000	   0.000	   0.000	   0.000
      86	 17:16:47	   4.000	  10.000	  105.94	 1018.79	   14.06	    44.8	 -1430.7	   -76.2	   788.7	  -182.5	   799.5	   0.000	   1.236	   247.1	    20.0	  228472	   61.52	   61.52	    2.01	    1.50	    0.00	  15.900	  17.068	  36.439	  47.952	   0.000	   0.000	   0.000	   0.000	   0.000	   0.000
      87	 17:17:39	   4.000	   5.000	  106.14	 1018.81	   14.02	    55.3	  -827.1	    93.8	   569.3	  -125.9	   504.2	   0.000	   1.236	   247.6	    20.0	  228733	   61.52	   61.52	    2.02	    1.50	    0.00	  16.118	  17.158	  36.435	  47.962	   0.000	   0.000	   0.000	   0.000	   0.000	   0.000
      88	 17:18:34	   4.000	   0.000	  106.00	 1018.78	   14.00	    12.2	  -488.3	   207.6	   451.0	  -127.6	   322.4	   0.000	   1.236	   247.3	    20.0	  228595	   61.52	   61.52	    2.03	    1.51	    0.00	  16.323	  17.244	  36.489	  48.064	   0.000	   0.000	   0.000	   0.000	   0.000	   0.000
      89	 17:20:08	   4.000	   9.995	  421.27	 1018.76	   14.39	  -866.3	 -7488.5	  -498.0	  3662.8	 -1422.7	  4177.3	   0.000	   1.234	   987.4	    40.0	  455982	  123.03	  123.03	   17.54	   12.76	    0.00	  18.799	  18.949	  36.741	  48.181	   0.000	   0.000	   0.000	   0.000	   0.000	   0.000
      90	 17:21:05	   4.000	   5.000	  421.14	 1018.75	   14.53	  -527.5	 -4739.6	   212.7	  2663.6	 -1026.9	  2836.2	   0.000	   1.234	   987.1	    40.0	  455646	  123.03	  123.03	   17.73	   12.93	    0.00	  21.518	  21.272	  36.822	  48.252	   0.000	   0.000	   0.000	   0.000	   0.000	   0.000
      91	 17:21:53	   4.000	   0.000	  421.12	 1018.73	   14.58	  -375.9	 -1926.0	   912.7	  1885.1	  -869.4	  1271.9	   0.000	   1.233	   987.0	    40.0	  455528	  123.03	  123.03	   17.82	   13.02	    0.00	  23.516	  23.084	  36.816	  48.218	   0.000	   0.000	   0.000	   0.000	   0.000	   0.000
      92	 17:23:14	   4.000	   0.000	  420.92	 1018.73	   14.66	  1083.3	 -1979.3	   609.3	  1623.5	   384.6	  1285.5	   0.000	   1.233	   986.6	    40.0	  455246	   98.43	   98.43	    5.76	    4.23	    0.00	  24.704	  24.483	  35.452	  45.910	   0.000	   0.000	   0.000	   0.000	   0.000	   0.000
      93	 17:24:05	   4.000	   4.995	  420.73	 1018.68	   14.69	   908.0	 -4788.7	   -96.1	  2395.2	   228.1	  2864.9	   0.000	   1.233	   986.1	    40.0	  455066	   98.43	   98.43	    5.94	    4.16	    0.00	  23.746	  23.766	  35.510	  45.751	   0.000	   0.000	   0.000	   0.000	   0.000	   0.000
      94	 17:24:58	   4.000	  10.000	  420.72	 1018.70	   14.74	   519.7	 -7525.0	  -799.2	  3403.9	  -212.4	  4198.8	   0.000	   1.233	   986.1	    40.0	  454972	   98.43	   98.43	    6.31	    4.19	    0.00	  22.844	  22.872	  35.736	  45.785	   0.000	   0.000	   0.000	   0.000	   0.000	   0.000
      95	 17:26:04	   4.000	  10.000	  420.51	 1018.69	   14.80	  1246.5	 -7547.6	  -965.0	  3251.5	   449.8	  4222.3	   0.000	   1.232	   985.6	    40.0	  454733	   82.02	   82.01	    1.68	    0.64	    0.00	  21.765	  21.804	  33.460	  43.313	   0.000	   0.000	   0.000	   0.000	   0.000	   0.000
      96	 17:27:09	   4.000	   5.000	  420.47	 1018.64	   14.84	  1684.0	 -4841.4	  -284.5	  2245.2	   930.4	  2900.6	   0.000	   1.232	   985.5	    40.0	  454628	   82.00	   82.02	    1.06	    0.30	    0.00	  20.583	  20.728	  32.566	  42.632	   0.000	   0.000	   0.000	   0.000	   0.000	   0.000
      97	 17:28:05	   4.000	   0.000	  420.65	 1018.64	   14.86	  1883.7	 -2001.4	   427.7	  1461.9	  1104.3	  1286.6	   0.000	   1.232	   985.9	    40.0	  454676	   82.02	   82.01	    0.70	    0.36	    0.00	  19.803	  20.010	  32.238	  42.954	   0.000	   0.000	   0.000	   0.000	   0.000	   0.000
