  Run_nr	    Time	   Alpha	    Beta	Delta_Pb	   P_bar	       T	      B1	      B2	      B3	      B4	      B5	      B6	     rpm	     Rho	       Q	       V	      Re	 nrotor1	 nrotor2	      I1	      I2	    dptq	  Extra1	  Extra2	  Extra3	  Extra4	  Extra5	  Extra6	  Extra7	  Extra8	  Extra9	 Extra10
       /	   H:M:S	 degrees	 degrees	      Pa	     hPa	 degr._C	   steps	   steps	   steps	   steps	   steps	   steps	   1/min	  kg/m^3	      Pa	     m/s	       /	     1/s	     1/s	       A	       A	      Pa	       /	       /	       /	       /	       /	       /	       /	       /	       /	       /
       1	 15:26:25	   4.000	 -10.000	  106.53	 1020.18	   12.98	   521.5	   840.6	   552.7	   -16.3	   214.2	  -411.2	   0.000	   1.242	   248.5	    20.0	  230372	   39.35	   41.01	    0.00	    0.28	    0.00	  14.245	  14.842	  30.040	  28.944	   0.000	   0.000	   0.000	   0.000	   0.000	   0.000
       2	 15:27:19	   4.000	  -4.995	  107.40	 1020.16	   13.01	   487.5	   476.8	   395.0	    99.3	   264.1	  -262.9	   0.000	   1.242	   250.6	    20.1	  231277	   40.74	   41.01	    0.00	    0.20	    0.00	  14.144	  14.774	  30.040	  28.560	   0.000	   0.000	   0.000	   0.000	   0.000	   0.000
       3	 15:28:02	   4.000	  -4.995	  106.54	 1020.21	   13.03	   483.4	   472.9	   391.9	    98.6	   261.1	  -260.7	   0.000	   1.242	   248.6	    20.0	  230343	   40.58	   41.01	    0.00	    0.19	    0.00	  14.087	  14.726	  30.040	  28.591	   0.000	   0.000	   0.000	   0.000	   0.000	   0.000
       4	 15:28:56	   4.000	   0.000	  106.47	 1020.15	   13.04	   483.0	   -94.6	   219.6	   262.6	   272.4	    38.7	   0.000	   1.242	   248.4	    20.0	  230239	   40.37	   41.01	    0.00	    0.00	    0.00	  14.023	  14.683	  30.749	  28.326	   0.000	   0.000	   0.000	   0.000	   0.000	   0.000
       5	 15:30:24	   4.000	   0.000	  106.48	 1020.13	   13.06	   475.7	   -80.2	   225.5	   258.4	   266.4	    37.1	   0.000	   1.242	   248.4	    20.0	  230231	   41.01	   41.01	    0.00	    0.00	    0.00	  14.010	  14.639	  35.975	  28.316	   0.000	   0.000	   0.000	   0.000	   0.000	   0.000
       6	 15:31:43	   4.000	   5.000	  106.35	 1020.08	   13.08	   431.1	  -774.8	    49.0	   449.2	   228.1	   429.2	   0.000	   1.242	   248.1	    20.0	  230057	   41.01	   41.01	    0.19	    0.00	    0.00	  14.107	  14.617	  36.252	  28.313	   0.000	   0.000	   0.000	   0.000	   0.000	   0.000
       7	 15:33:20	   4.000	   5.000	  106.25	 1020.10	   13.08	   447.1	  -778.6	    45.8	   445.4	   242.1	   434.5	   0.000	   1.242	   247.9	    20.0	  229954	   38.95	   41.01	    0.00	    0.00	    0.00	  14.109	  14.605	  36.196	  28.305	   0.000	   0.000	   0.000	   0.000	   0.000	   0.000
       8	 15:34:41	   4.000	  10.000	  106.49	 1020.08	   13.08	   508.9	  -965.4	   -45.3	   577.5	   215.2	   488.3	   0.000	   1.242	   248.4	    20.0	  230213	   36.58	   41.01	    0.00	    0.20	    0.00	  14.028	  14.593	  36.196	  28.566	   0.000	   0.000	   0.000	   0.000	   0.000	   0.000
       9	 15:35:35	   4.000	  10.000	  106.52	 1020.07	   13.09	   480.6	  -955.4	   -39.3	   585.1	   188.8	   476.9	   0.000	   1.241	   248.5	    20.0	  230231	   41.01	   41.01	    0.23	    0.20	    0.00	  14.017	  14.596	  38.996	  28.570	   0.000	   0.000	   0.000	   0.000	   0.000	   0.000
      10	 15:36:47	   4.000	  10.000	  106.41	 1020.00	   13.09	   324.1	  -959.1	    -5.7	   619.8	    44.5	   476.5	   0.000	   1.241	   248.2	    20.0	  230112	   49.21	   49.21	    0.65	    0.78	    0.00	  14.155	  14.628	  41.648	  30.227	   0.000	   0.000	   0.000	   0.000	   0.000	   0.000
      11	 15:38:02	   4.000	  10.000	  106.44	 1020.00	   13.08	   431.6	  -988.5	   -26.5	   596.8	   139.3	   512.5	   0.000	   1.241	   248.3	    20.0	  230152	   36.55	   49.21	    0.00	    0.78	    0.00	  14.198	  14.697	  40.050	  30.200	   0.000	   0.000	   0.000	   0.000	   0.000	   0.000
      12	 15:38:59	   4.000	   5.000	  106.34	 1019.99	   13.09	   439.5	  -417.5	   133.7	   385.3	   196.0	   238.3	   0.000	   1.241	   248.1	    20.0	  230033	   39.08	   49.21	    0.00	    0.77	    0.00	  14.139	  14.745	  30.039	  30.167	   0.000	   0.000	   0.000	   0.000	   0.000	   0.000
      13	 15:40:14	   4.000	   5.000	  106.49	 1019.94	   13.09	   343.6	  -382.5	   155.7	   403.2	   111.5	   201.8	   0.000	   1.241	   248.4	    20.0	  230188	   49.21	   49.21	    0.77	    0.76	    0.00	  14.122	  14.796	  32.144	  30.157	   0.000	   0.000	   0.000	   0.000	   0.000	   0.000
      14	 15:41:09	   4.000	   0.000	  106.41	 1019.92	   13.08	   307.0	   -67.8	   264.3	   295.6	   106.1	    29.9	   0.000	   1.241	   248.2	    20.0	  230109	   49.21	   49.21	    0.75	    0.77	    0.00	  14.226	  14.823	  32.052	  30.177	   0.000	   0.000	   0.000	   0.000	   0.000	   0.000
      15	 15:42:15	   4.000	   0.000	  106.43	 1019.90	   13.09	   398.5	   -98.7	   244.1	   277.0	   188.5	    61.8	   0.000	   1.241	   248.3	    20.0	  230117	   40.35	   49.21	    0.00	    0.77	    0.00	  14.268	  14.850	  32.037	  30.169	   0.000	   0.000	   0.000	   0.000	   0.000	   0.000
      16	 15:43:11	   4.000	  -4.995	  106.34	 1019.88	   13.09	   366.8	   657.4	   447.7	    84.5	   165.9	  -353.2	   0.000	   1.241	   248.1	    20.0	  230022	   40.56	   49.21	    0.00	    0.79	    0.00	  14.207	  14.862	  32.038	  30.266	   0.000	   0.000	   0.000	   0.000	   0.000	   0.000
      17	 15:44:13	   4.000	 -10.000	  106.38	 1019.82	   13.08	   446.5	   819.8	   567.5	    -0.9	   145.8	  -386.7	   0.000	   1.241	   248.2	    20.0	  230060	   39.35	   49.21	    0.00	    0.83	    0.00	  14.130	  14.879	  32.037	  30.395	   0.000	   0.000	   0.000	   0.000	   0.000	   0.000
      18	 15:45:16	   4.000	 -10.000	  106.48	 1019.81	   13.10	   289.9	   767.1	   594.5	    29.2	    15.9	  -330.7	   0.000	   1.241	   248.4	    20.0	  230153	   39.37	   61.52	    0.00	    2.19	    0.00	  14.059	  14.957	  32.034	  32.283	   0.000	   0.000	   0.000	   0.000	   0.000	   0.000
      19	 15:46:37	   4.000	  -5.000	  106.30	 1019.81	   13.08	   273.5	   165.0	   377.3	   199.8	    71.0	   -44.4	   0.000	   1.241	   248.0	    20.0	  229979	   40.48	   61.52	    0.00	    2.20	    0.00	  13.993	  15.198	  32.034	  32.297	   0.000	   0.000	   0.000	   0.000	   0.000	   0.000
      20	 15:47:27	   4.000	   0.000	  106.52	 1019.79	   13.08	   230.5	  -174.5	   269.4	   316.4	    49.8	   123.0	   0.000	   1.241	   248.5	    20.0	  230212	   40.32	   61.52	    0.00	    2.21	    0.00	  13.962	  15.348	  32.034	  32.301	   0.000	   0.000	   0.000	   0.000	   0.000	   0.000
      21	 15:48:53	   4.000	   0.000	  106.44	 1019.81	   13.08	   -40.8	   -74.8	   331.5	   359.5	  -185.8	    38.1	   0.000	   1.241	   248.3	    20.0	  230123	   61.52	   61.52	    2.19	    2.22	    0.00	  14.178	  15.551	  33.913	  32.318	   0.000	   0.000	   0.000	   0.000	   0.000	   0.000
      22	 15:49:55	   4.000	   5.000	  106.38	 1019.78	   13.09	   -67.7	  -762.6	   155.6	   549.9	  -216.7	   418.2	   0.000	   1.241	   248.2	    20.0	  230052	   61.52	   61.52	    2.18	    2.20	    0.00	  14.554	  15.673	  33.864	  32.256	   0.000	   0.000	   0.000	   0.000	   0.000	   0.000
      23	 15:51:19	   4.000	   5.000	  106.42	 1019.77	   13.10	   198.1	  -864.7	    98.0	   503.5	    14.0	   519.9	   0.000	   1.241	   248.3	    20.0	  230079	   38.89	   61.52	    0.00	    2.19	    0.00	  14.675	  15.792	  33.848	  32.248	   0.000	   0.000	   0.000	   0.000	   0.000	   0.000
      24	 15:52:26	   4.000	  10.000	  106.39	 1019.75	   13.10	   268.3	 -1052.6	     4.9	   635.9	    -8.9	   573.9	   0.000	   1.241	   248.2	    20.0	  230044	   36.46	   61.52	    0.00	    2.19	    0.00	  14.503	  15.858	  33.848	  32.229	   0.000	   0.000	   0.000	   0.000	   0.000	   0.000
      25	 15:53:42	   4.000	  10.000	  106.24	 1019.77	   13.10	    -2.4	  -960.7	    59.4	   684.0	  -240.3	   475.3	   0.000	   1.241	   247.9	    20.0	  229894	   61.52	   61.52	    2.06	    2.20	    0.00	  14.493	  15.918	  35.700	  32.253	   0.000	   0.000	   0.000	   0.000	   0.000	   0.000
      26	 15:55:52	   4.000	 -10.000	  422.96	 1019.74	   13.54	    69.1	  5293.3	  2954.8	  -230.5	  -514.8	 -2528.9	   0.000	   1.239	   991.4	    40.0	  458856	   78.53	  123.03	    0.00	   16.73	    0.00	  14.678	  16.283	  30.002	  36.964	   0.000	   0.000	   0.000	   0.000	   0.000	   0.000
      27	 15:56:58	   4.000	  -4.995	  422.62	 1019.75	   13.72	   498.8	  2219.5	  1951.8	   533.9	  -133.1	 -1016.2	   0.000	   1.238	   990.6	    40.0	  458323	   80.45	  123.03	    0.00	   16.85	    0.00	  14.766	  18.335	  30.001	  37.094	   0.000	   0.000	   0.000	   0.000	   0.000	   0.000
      28	 15:57:59	   4.000	   0.000	  422.57	 1019.70	   13.79	   593.5	  -610.9	  1157.4	  1282.8	   -58.3	   502.7	   0.000	   1.238	   990.5	    40.0	  458122	   80.10	  123.03	    0.00	   16.83	    0.00	  14.841	  20.515	  30.001	  37.026	   0.000	   0.000	   0.000	   0.000	   0.000	   0.000
      29	 15:59:28	   4.000	   0.000	  422.56	 1019.70	   13.90	  -580.8	  -233.0	  1399.7	  1498.9	 -1068.7	   109.4	   0.000	   1.238	   990.4	    40.0	  457891	  123.03	  123.03	   17.59	   17.00	    0.00	  15.962	  23.066	  36.781	  36.993	   0.000	   0.000	   0.000	   0.000	   0.000	   0.000
      30	 16:00:32	   4.000	   5.000	  422.19	 1019.68	   13.99	  -687.0	 -2924.9	   714.5	  2232.3	 -1176.4	  1592.9	   0.000	   1.237	   989.6	    40.0	  457522	  123.03	  123.03	   17.64	   17.04	    0.00	  19.144	  24.483	  36.879	  36.900	   0.000	   0.000	   0.000	   0.000	   0.000	   0.000
      31	 16:01:52	   4.000	   5.000	  422.08	 1019.66	   14.07	   496.8	 -3359.7	   457.9	  2030.0	  -161.8	  2027.4	   0.000	   1.237	   989.3	    40.0	  457288	   77.53	  123.03	    0.00	   17.08	    0.00	  21.151	  25.814	  36.806	  36.790	   0.000	   0.000	   0.000	   0.000	   0.000	   0.000
      32	 16:02:48	   4.000	  10.000	  422.31	 1019.69	   14.13	   168.2	 -6018.1	  -215.8	  3007.1	  -573.7	  3313.3	   0.000	   1.237	   989.8	    40.0	  457295	   72.28	  123.03	    0.00	   17.01	    0.00	  20.016	  26.550	  36.806	  36.676	   0.000	   0.000	   0.000	   0.000	   0.000	   0.000
      33	 16:07:55	   4.000	  10.000	  421.76	 1019.60	   14.36	  -997.0	 -5420.5	    44.7	  3135.6	 -1504.5	  2754.9	   0.000	   1.235	   988.5	    40.0	  456507	  123.02	  123.03	   17.56	   16.89	    0.00	  18.324	  26.578	  36.643	  37.100	   0.000	   0.000	   0.000	   0.000	   0.000	   0.000
      34	 16:08:57	   4.000	  10.000	  421.72	 1019.58	   14.39	   386.1	 -5463.0	  -248.3	  2885.5	  -311.9	  2781.1	   0.000	   1.235	   988.4	    40.0	  456427	   98.44	   98.43	    6.39	    5.45	    0.00	  20.317	  26.378	  34.869	  35.706	   0.000	   0.000	   0.000	   0.000	   0.000	   0.000
      35	 16:10:02	   4.000	  10.000	  421.63	 1019.58	   14.42	   877.6	 -5709.4	  -362.7	  2813.7	    99.8	  3019.3	   0.000	   1.235	   988.2	    40.0	  456317	   72.44	   98.43	    0.00	    5.41	    0.00	  19.942	  24.888	  35.046	  35.679	   0.000	   0.000	   0.000	   0.000	   0.000	   0.000
      36	 16:11:09	   4.000	   5.000	  421.71	 1019.57	   14.45	  1234.1	 -3058.8	   308.1	  1842.2	   522.8	  1734.3	   0.000	   1.235	   988.4	    40.0	  456280	   77.68	   98.43	    0.00	    5.33	    0.00	  18.864	  23.446	  35.046	  35.725	   0.000	   0.000	   0.000	   0.000	   0.000	   0.000
      37	 16:17:33	   4.000	   5.000	  421.36	 1019.59	   14.60	   771.9	 -3064.3	   357.4	  1965.0	   134.4	  1679.2	   0.000	   1.234	   987.6	    40.0	  455806	   98.43	   98.43	    6.64	    6.09	    0.00	  17.516	  19.577	  31.353	  31.159	   0.000	   0.000	   0.000	   0.000	   0.000	   0.000
      38	 16:18:47	   4.000	   0.000	  421.36	 1019.55	   14.61	   919.0	  -381.9	  1045.1	  1241.6	   242.9	   176.9	   0.000	   1.234	   987.6	    40.0	  455770	   98.43	   98.43	    6.43	    6.18	    0.00	  18.067	  19.481	  31.248	  31.308	   0.000	   0.000	   0.000	   0.000	   0.000	   0.000
      39	 16:20:08	   4.000	   0.000	  420.96	 1019.59	   14.66	  1349.9	  -536.8	   945.8	  1154.9	   629.7	   339.3	   0.000	   1.234	   986.6	    40.0	  455458	   80.10	   98.43	    0.00	    6.17	    0.00	  18.132	  19.509	  31.207	  31.338	   0.000	   0.000	   0.000	   0.000	   0.000	   0.000
      40	 16:21:11	   4.000	  -4.995	  421.15	 1019.55	   14.67	  1247.0	  2413.5	  1787.7	   376.2	   530.9	 -1236.1	   0.000	   1.234	   987.1	    40.0	  455529	   80.47	   98.43	    0.00	    6.32	    0.00	  17.654	  19.515	  31.207	  31.452	   0.000	   0.000	   0.000	   0.000	   0.000	   0.000
      41	 16:22:07	   4.000	 -10.000	  421.24	 1019.54	   14.68	   785.7	  5519.1	  2814.5	  -387.9	   109.3	 -2770.5	   0.000	   1.234	   987.3	    40.0	  455562	   78.48	   98.43	    0.00	    6.67	    0.00	  17.265	  19.551	  31.206	  31.657	   0.000	   0.000	   0.000	   0.000	   0.000	   0.000
      42	 16:23:04	   4.000	 -10.000	  421.26	 1019.50	   14.69	  1139.3	  5642.5	  2746.7	  -463.8	   419.5	 -2901.1	   0.000	   1.234	   987.4	    40.0	  455548	   78.46	   82.02	    0.00	    1.59	    0.00	  16.959	  19.516	  31.218	  29.729	   0.000	   0.000	   0.000	   0.000	   0.000	   0.000
      43	 16:24:01	   4.000	  -5.000	  421.02	 1019.51	   14.74	  1622.7	  2560.0	  1722.9	   284.7	   870.1	 -1380.3	   0.000	   1.234	   986.8	    40.0	  455317	   80.50	   82.02	    0.00	    0.87	    0.00	  16.743	  19.116	  31.219	  28.928	   0.000	   0.000	   0.000	   0.000	   0.000	   0.000
      44	 16:24:42	   4.000	   0.000	  421.23	 1019.49	   14.74	  1737.8	  -412.7	   870.0	  1055.5	   993.3	   230.4	   0.000	   1.234	   987.3	    40.0	  455422	   80.18	   82.02	    0.00	    0.48	    0.00	  16.633	  18.790	  31.220	  28.418	   0.000	   0.000	   0.000	   0.000	   0.000	   0.000
      45	 16:25:48	   4.000	   0.000	  421.30	 1019.45	   14.77	  1696.8	  -388.8	   882.5	  1061.6	   953.8	   210.3	   0.000	   1.233	   987.5	    40.0	  455397	   82.01	   82.02	    0.60	    0.49	    0.00	  16.558	  18.337	  37.889	  28.456	   0.000	   0.000	   0.000	   0.000	   0.000	   0.000
      46	 16:26:52	   4.000	   5.000	  421.10	 1019.40	   14.77	  1541.9	 -3093.3	   179.1	  1805.1	   839.5	  1697.7	   0.000	   1.233	   987.0	    40.0	  455271	   82.02	   82.02	    0.90	    0.41	    0.00	  16.712	  18.008	  38.460	  28.363	   0.000	   0.000	   0.000	   0.000	   0.000	   0.000
      47	 16:28:04	   4.000	  10.000	  420.91	 1019.42	   14.80	  1096.8	 -5593.8	  -438.9	  2763.9	   332.8	  2877.7	   0.000	   1.233	   986.5	    40.0	  455113	   82.02	   82.02	    1.43	    0.86	    0.00	  16.862	  17.739	  39.525	  29.045	   0.000	   0.000	   0.000	   0.000	   0.000	   0.000
      48	 16:29:02	   4.000	  10.000	  420.78	 1019.40	   14.82	  1232.3	 -5657.0	  -467.6	  2737.4	   446.6	  2945.2	   0.000	   1.233	   986.2	    40.0	  455007	   72.47	   82.02	    0.00	    0.86	    0.00	  16.883	  17.589	  39.511	  29.072	   0.000	   0.000	   0.000	   0.000	   0.000	   0.000
      49	 16:29:59	   4.000	   5.000	  420.18	 1019.38	   14.83	  1610.0	 -2999.1	   191.7	  1758.5	   893.4	  1649.1	   0.000	   1.233	   984.8	    40.0	  454650	   77.62	   81.99	    0.00	    0.42	    0.00	  16.740	  17.479	  39.512	  28.472	   0.000	   0.000	   0.000	   0.000	   0.000	   0.000
