  Run_nr	    Time	   Alpha	    Beta	Delta_Pb	   P_bar	       T	      B1	      B2	      B3	      B4	      B5	      B6	     rpm	     Rho	       Q	       V	      Re	 nrotor1	 nrotor2	      I1	      I2	    dptq	  Extra1	  Extra2	  Extra3	  Extra4	  Extra5	  Extra6	  Extra7	  Extra8	  Extra9	 Extra10
       /	   H:M:S	 degrees	 degrees	      Pa	     hPa	 degr._C	   steps	   steps	   steps	   steps	   steps	   steps	   1/min	  kg/m^3	      Pa	     m/s	       /	     1/s	     1/s	       A	       A	      Pa	       /	       /	       /	       /	       /	       /	       /	       /	       /	       /
      98	 17:34:41	   4.000	 -10.000	  105.87	 1018.59	   14.21	   331.4	  1235.8	   699.8	  -107.5	    70.5	  -653.9	   0.000	   1.235	   247.0	    20.0	  228215	   39.51	   61.52	    0.00	    2.31	    0.00	  17.705	  18.349	  30.035	  30.546	   0.000	   0.000	   0.000	   0.000	   0.000	   0.000
      99	 17:35:31	   4.000	  -4.995	  105.88	 1018.60	   14.15	   315.6	   627.6	   480.1	    62.6	   131.3	  -360.8	   0.000	   1.235	   247.0	    20.0	  228296	   40.68	   61.52	    0.00	    2.32	    0.00	  17.230	  18.122	  30.035	  30.569	   0.000	   0.000	   0.000	   0.000	   0.000	   0.000
     100	 17:36:26	   4.000	   0.000	  105.87	 1018.58	   14.12	   275.5	   287.0	   371.2	   172.0	   118.3	  -182.0	   0.000	   1.235	   247.0	    20.0	  228311	   40.50	   61.52	    0.00	    2.33	    0.00	  16.835	  17.976	  30.035	  30.574	   0.000	   0.000	   0.000	   0.000	   0.000	   0.000
     101	 17:37:21	   4.000	   5.000	  106.02	 1018.58	   14.10	   250.5	  -439.8	   187.5	   372.0	    85.9	   228.6	   0.000	   1.235	   247.3	    20.0	  228490	   39.13	   61.52	    0.00	    2.31	    0.00	  16.517	  17.873	  30.035	  30.536	   0.000	   0.000	   0.000	   0.000	   0.000	   0.000
     102	 17:38:16	   4.000	  10.000	  106.04	 1018.57	   14.07	   318.9	  -611.0	    95.1	   495.8	    74.9	   272.2	   0.000	   1.235	   247.4	    20.0	  228547	   36.74	   61.52	    0.00	    2.31	    0.00	  16.245	  17.774	  30.035	  30.533	   0.000	   0.000	   0.000	   0.000	   0.000	   0.000
     103	 17:39:09	   4.000	  10.000	  106.00	 1018.55	   14.04	   478.1	  -549.4	    65.6	   457.5	   219.0	   213.0	   0.000	   1.236	   247.3	    20.0	  228535	   36.80	   49.21	    0.00	    0.82	    0.00	  16.016	  17.620	  30.038	  28.410	   0.000	   0.000	   0.000	   0.000	   0.000	   0.000
     104	 17:40:11	   4.000	   5.000	  106.04	 1018.54	   14.02	   486.6	    -1.6	   224.9	   256.9	   263.6	   -48.3	   0.000	   1.236	   247.4	    20.0	  228594	   39.32	   49.21	    0.00	    0.80	    0.00	  15.810	  17.364	  30.039	  28.385	   0.000	   0.000	   0.000	   0.000	   0.000	   0.000
     105	 17:40:58	   4.000	   0.000	  106.00	 1018.51	   14.00	   444.5	   355.9	   342.4	   140.7	   256.2	  -251.8	   0.000	   1.236	   247.3	    20.0	  228567	   40.55	   49.21	    0.00	    0.81	    0.00	  15.676	  17.168	  30.039	  28.422	   0.000	   0.000	   0.000	   0.000	   0.000	   0.000
     106	 17:41:44	   4.000	  -4.995	  105.93	 1018.52	   13.97	   405.6	  1105.2	   549.5	   -45.5	   219.3	  -662.7	   0.000	   1.236	   247.1	    20.0	  228524	   40.73	   49.21	    0.00	    0.84	    0.00	  15.564	  16.997	  30.038	  28.512	   0.000	   0.000	   0.000	   0.000	   0.000	   0.000
     107	 17:42:41	   4.000	 -10.000	  105.88	 1018.52	   13.94	   489.8	  1272.5	   668.9	  -134.9	   207.4	  -698.5	   0.000	   1.236	   247.0	    20.0	  228504	   39.48	   49.21	    0.00	    0.88	    0.00	  15.429	  16.814	  30.038	  28.639	   0.000	   0.000	   0.000	   0.000	   0.000	   0.000
     108	 17:43:36	   4.000	 -10.000	  105.89	 1018.50	   13.92	   566.4	  1290.9	   653.4	  -148.7	   272.8	  -722.0	   0.000	   1.236	   247.0	    20.0	  228534	   39.47	   41.01	    0.00	    0.29	    0.00	  15.316	  16.646	  30.040	  26.525	   0.000	   0.000	   0.000	   0.000	   0.000	   0.000
     109	 17:44:26	   4.000	  -4.995	  106.04	 1018.47	   13.90	   523.3	   914.0	   493.5	   -30.1	   313.0	  -564.0	   0.000	   1.236	   247.4	    20.0	  228702	   40.75	   41.01	    0.00	    0.21	    0.00	  15.229	  16.491	  30.040	  26.222	   0.000	   0.000	   0.000	   0.000	   0.000	   0.000
     110	 17:45:17	   4.000	   0.000	  105.91	 1018.47	   13.90	   524.9	   379.4	   326.2	   118.7	   337.5	  -276.3	   0.000	   1.236	   247.1	    20.0	  228569	   40.56	   41.01	    0.00	    0.00	    0.00	  15.150	  16.351	  30.040	  26.007	   0.000	   0.000	   0.000	   0.000	   0.000	   0.000
     111	 17:46:08	   4.000	   5.005	  105.92	 1018.45	   13.89	   494.8	  -350.8	   140.5	   315.0	   309.0	   139.6	   0.000	   1.236	   247.1	    20.0	  228588	   39.18	   41.01	    0.00	    0.00	    0.00	  15.079	  16.233	  30.040	  26.018	   0.000	   0.000	   0.000	   0.000	   0.000	   0.000
     112	 17:46:56	   4.000	  10.000	  106.06	 1018.44	   13.88	   556.1	  -512.6	    50.5	   436.3	   294.3	   179.4	   0.000	   1.236	   247.4	    20.0	  228747	   36.82	   41.01	    0.00	    0.21	    0.00	  15.010	  16.130	  30.040	  26.265	   0.000	   0.000	   0.000	   0.000	   0.000	   0.000
     113	 17:49:10	   4.000	  -9.995	  421.34	 1018.42	   14.38	   204.0	  7265.9	  3434.2	  -774.5	  -382.5	 -3885.9	   0.000	   1.234	   987.5	    40.0	  455969	   78.81	  123.03	    0.00	   16.75	    0.00	  15.212	  18.435	  30.002	  37.082	   0.000	   0.000	   0.000	   0.000	   0.000	   0.000
     114	 17:50:18	   4.000	  -4.995	  421.10	 1018.44	   14.49	   657.2	  4202.3	  2413.2	   -30.1	    57.4	 -2377.2	   0.000	   1.233	   987.0	    40.0	  455629	   80.78	  123.03	    0.00	   16.91	    0.00	  15.374	  20.974	  30.001	  37.114	   0.000	   0.000	   0.000	   0.000	   0.000	   0.000
     115	 17:51:04	   4.000	   0.000	  420.93	 1018.40	   14.55	   795.0	  1231.4	  1562.5	   733.7	   199.4	  -766.3	   0.000	   1.233	   986.6	    40.0	  455400	   80.41	  123.03	    0.00	   16.88	    0.00	  15.460	  22.471	  30.001	  37.027	   0.000	   0.000	   0.000	   0.000	   0.000	   0.000
     116	 17:51:59	   4.000	   5.000	  420.73	 1018.43	   14.60	   702.9	 -1628.4	   849.7	  1519.2	    73.1	   834.5	   0.000	   1.233	   986.1	    40.0	  455192	   77.84	  123.03	    0.00	   16.90	    0.00	  15.538	  23.935	  30.001	  36.920	   0.000	   0.000	   0.000	   0.000	   0.000	   0.000
     117	 17:52:55	   4.000	  10.000	  420.88	 1018.36	   14.68	   373.2	 -4099.1	   200.8	  2413.5	  -270.2	  1992.7	   0.000	   1.233	   986.5	    40.0	  455103	   72.66	  123.03	    0.00	   16.88	    0.00	  15.584	  25.120	  30.001	  36.806	   0.000	   0.000	   0.000	   0.000	   0.000	   0.000
     118	 17:53:42	   4.000	  10.000	  420.75	 1018.37	   14.74	  1066.7	 -3876.6	    54.1	  2262.9	   352.5	  1758.3	   0.000	   1.232	   986.2	    40.0	  454918	   72.80	   98.43	    0.00	    5.61	    0.00	  15.624	  25.479	  30.027	  34.884	   0.000	   0.000	   0.000	   0.000	   0.000	   0.000
     119	 17:54:35	   4.000	   5.000	  420.67	 1018.37	   14.78	  1420.0	 -1369.5	   711.7	  1362.1	   701.8	   572.9	   0.000	   1.232	   986.0	    40.0	  454793	   77.99	   98.43	    0.00	    5.54	    0.00	  15.676	  24.542	  30.027	  34.747	   0.000	   0.000	   0.000	   0.000	   0.000	   0.000
     120	 17:55:27	   4.000	   0.000	  420.74	 1018.35	   14.80	  1519.3	  1505.7	  1440.5	   587.6	   801.3	 -1055.2	   0.000	   1.232	   986.1	    40.0	  454782	   80.51	   98.43	    0.00	    5.62	    0.00	  15.739	  23.449	  30.027	  34.810	   0.000	   0.000	   0.000	   0.000	   0.000	   0.000
     121	 17:56:19	   4.000	  -4.995	  420.36	 1018.34	   14.82	  1367.6	  4449.6	  2295.8	  -172.8	   641.8	 -2627.4	   0.000	   1.232	   985.2	    40.0	  454528	   80.81	   98.43	    0.00	    5.77	    0.00	  15.793	  22.558	  30.027	  34.918	   0.000	   0.000	   0.000	   0.000	   0.000	   0.000
     122	 17:57:19	   4.000	 -10.000	  420.39	 1018.34	   14.86	   880.4	  7495.9	  3330.6	  -905.1	   160.6	 -4121.8	   0.000	   1.232	   985.3	    40.0	  454468	   78.78	   98.43	    0.00	    6.08	    0.00	  15.832	  21.863	  30.027	  35.175	   0.000	   0.000	   0.000	   0.000	   0.000	   0.000
     123	 17:58:11	   4.000	 -10.000	  420.33	 1018.33	   14.88	  1232.8	  7633.0	  3268.8	  -981.2	   463.9	 -4260.6	   0.000	   1.232	   985.2	    40.0	  454396	   78.76	   82.01	    0.00	    1.49	    0.00	  15.859	  21.308	  30.037	  33.344	   0.000	   0.000	   0.000	   0.000	   0.000	   0.000
     124	 17:59:09	   4.000	  -5.000	  420.27	 1018.30	   14.92	  1740.1	  4594.5	  2234.0	  -260.7	   970.7	 -2769.0	   0.000	   1.231	   985.0	    40.0	  454270	   80.86	   82.02	    0.00	    0.88	    0.00	  15.906	  20.495	  30.038	  32.476	   0.000	   0.000	   0.000	   0.000	   0.000	   0.000
     125	 18:00:09	   4.000	   0.000	  420.39	 1018.29	   14.96	  1902.1	  1674.1	  1378.6	   479.6	  1153.7	 -1194.7	   0.000	   1.231	   985.3	    40.0	  454250	   80.55	   82.02	    0.00	    0.55	    0.00	  15.953	  19.796	  30.039	  32.099	   0.000	   0.000	   0.000	   0.000	   0.000	   0.000
     126	 18:01:07	   4.000	   5.000	  420.24	 1018.30	   14.98	  1808.3	 -1202.5	   632.2	  1255.5	  1073.9	   414.4	   0.000	   1.231	   985.0	    40.0	  454136	   78.08	   82.02	    0.00	    0.47	    0.00	  15.982	  19.274	  30.039	  32.026	   0.000	   0.000	   0.000	   0.000	   0.000	   0.000
     127	 18:01:55	   4.000	  10.000	  420.39	 1018.25	   14.99	  1429.4	 -3709.3	   -18.0	  2161.3	   698.3	  1603.5	   0.000	   1.231	   985.3	    40.0	  454184	   72.92	   82.02	    0.00	    0.83	    0.00	  15.987	  18.933	  30.039	  32.582	   0.000	   0.000	   0.000	   0.000	   0.000	   0.000
